$ANSIBLE_VAULT;1.1;AES256
30393334373138373035386235313238626132306439376334356230346436323531636439333963
3934366462316239313862363561643462396232623463380a643264633434343933303962356238
61376664633731353431303766653633393630626437633339363031613464393239663930616430
3934313630313330330a366635393831613339346466393834663962646264623066343362353935
39383565643534623466313135653365346330653766336433386230383863636136653862373237
31333764393062386466333031353137383330303335383464666165366531393533636264396339
63373965316638613832323765623537623661356264366137383038313936643830386561333565
35383265303236363961353761326566346430353434663465353464306264656632373637346435
39346162383265653732663831616330623063636430343762303631313937383664633735383764
37313838306235613361636666363230393330303134366433323466626432643834653361663637
31366135346533626130323564353438653132353639336663663632613564313965623133633636
61393363623865633962
